01011111 0100101 113

111110 01· 10 111111 11110 1111110, 101 100001100111 di 1110 010
111110 101101011001011011101 Simplicio 1011111110101110110
1110111011 11010,00111110110010 010 autore 11111 obe 11 11111
1111111011110110111 111 0010110 10111 Luna 0100 11 001110
10111 Terra conmmerebbe 111 di sei giomi; 101011, s'egli 110000 ’
01110010 010 1101110100111 10110 00011010 11000 011110111101
1101111010010110 (00110 1100 11 011101 811111101001101011-
1010), 01 011011011011111110 1111110110 1100 10110 111110 0
111 00111101 0011101011116001101111ς 1101 mi 1011111110010
11010000 signer Simplicio, 10111111101101 11011100111010 eb’egli
1100, 10110110100011111111 immensa 010 11 11011101 001-
11010. ’

Simo. Cb‘ 10 obbia 0111100110101111011111, potrebbe 0000101
11101010 110010111 10111011111011, 101 1 010110110110.

Soio. Foree 101 101101 1111000 quelche 11010 1110110101
1110101010 110011110101111 10100111 101 moto 10111 11110
10110 00011010 011110 11101110110111101110110 111110 1110110
010110 101 0010110 111110,011100111110 001 111 1010011101 a
eondurrebbo 11 001110 11 001 giomi?

Simp. Coei mi 111 0110111 001111.

Soio. iinon 101010 11’ 00011111111 01 grande? 11110100110
11 mammete: 011 101 111000010ὴο 101 01111111010 11 00111-
diametro 101 0010110 1 manco 010 1100011 parte 1011101100110-
101101,0010110010011011111101110,101111101111011101100011 .
10011110110110, 0111 111100 della 0001111110 101101110,10111110
110000 001 le 1101001111 10100111 1100010110 11 emansorem 0
010 pub 10 10111, 000110110 001 11 10100111 001 11 quoio 01
1101010101 0010110, 11111011 11 111100 11 1111111010 al 001110,
posto 010 101 0010110 0011110100 111 10101111010 11 010 10111-
1111110,001101100111011’01 supponge per 11111010101 0011110
nolin-medem 101110110.

Simo. latendo 011 benissimo 1’ 011010; mo 101 1110 10 vorroi
0111111110 1111101110110110, 011 10111 01’ 10 1111101110 101 10- ,

,μ 01101 il 000 0110110110ςο 101 1111111 (iinon 111011110001110111
11111, 101101 11010 11 010 libro; 0 00 01 11000 ehi 1111000 effi
ginno, 1’ 110101 110110 0110. 01 e

· 1011. lion 1111010111 1111100111 0110111011 10111110; 0

 

