11111111 1111111 111

centro, 1 ammutium· 111111111111 1111111111, 11111111
1111111111, 1111 11 11111111 emolumento, 111 111 mm
11111111, 1 si 11111111 111111111111111, 1111111111 lam
11111 (1111 11 11111111111111 11111111111111 111111111111111
111111111111111111111111111 111 1111111111111111111111111
11-1111111111,·111111 11 111111ς111 111111 questo 11111, 11111-
111111111 11111111111111111111111111111111111111111 1111,
111111 111 si 1111 11111 adunque 11 Tem 111 11111111, 11.
11111111111111 per 1111111111, 11111111 111 1111111111 in
111 1111111 11, 1 1111111111,1111 111111111111111111 111
11111111111111111,11111111111111111111111111111111111
daemoniumque, 111111 111 11111 1111111111 1111111111
11111 1111 111 111111 sola, tu 111 1111111 per 1111111111 1111 11
11111111111111111111111111111111111· 11 111111111111111
mutto 1 11111 1· 11111111111111 nella 1111111111 11111 1111111,
qundo 11111 di 111 1111111111111111111111111111111111 11
111111 11111111 111 1111111111 1111111111111111111111111111
1111111111 111 altri 11 111-1111, 1 questo 111 11111111 11111111 x
1111111111 11111, 1111 quello 1111111111 111111111111111111
1111111 11 1111111111 1111111111 1111111111111 11 1111111111
pomum 111111 11 Terra 1111111 esser 1111111111 11111, 1111
111 11111111111111111111 1111 1111111 apparit 11 111111 1111111111
11 bvmo 11 pom, 11 111 111111 1111111111 1111111 11111111
1111111111111111111111111111111111111,11111111111111111
11111111. 1111 quello, peril 11111 tutte le 111111 1111111111
mmm 11 11111111 1 11111111 1 1111 1111111111 1 11111 quom
1111111111, 1111 tu stesso 1111111 11111111 1111 1111111 1111.
Rhamma, 1 1111111111, 11 tu 111111111111 11111111, 1111
tudinum 111 1111111 11111 111 mezzo 111 pona 1111111111
11 mou 11 11111111111111; 111111, 1111 11111111 11111111 11111
11111 111 11 111 1111111111 ’1111111111 11 111 111 1111111111
fflmo 1111111111 1111111111, 111 11 manifesti, negando 1
m 1111111111 l· 1111111 1111. 111111 1111111 1111111111·
11111, 1111 1· 11 quoni, 1111 ponendo 11111111111111111111111
11111111 mobile intorno 11 esso, 1111 11 11111 11111111111111
111111 11111111 contro alla qual 11111111 1111111 1’ argomento,
1· 111111 1111 1111111 1111111111, 111 penca 11 mamm ΜΨ
sumno 1111111-111. 1. ¹0*

 

