00000000 00000 379

11 ammirabili 00000000000, 0000010001000010100000010000000000
10110 000000.

Salv. L· istesso 0100 000010 a voi, 00000000 me 000000,
mentre 000 0010 000010 mi 10000 0001010 101 mio 000110, 11
000010 mi 0000011001 1101011100οι0 001 1100000001 11 10110 00000
000 strumento materiale, 0100 000 10 01100 010 000 00001100
01000, 0000001001 di 01000110’00010000101,000 10 01100 000 di
quello 01 qualo 0000000000οῑ0 000000110011. 000,101110110 10110
01000, 00001101 00010000 1100001 10 00010 0000010 che 1010000001.
E 000 000οη000100 11 primo 0001100101000000000010,1100010
10 0101 00000001 10110 00000110 100 00110 10000 0010000010
00100000 0000010 fatti 000 11000 00110, 1000100001 questo 000-
100 (1001111110111) 0000000010010110010 magno, 0 00011000
1100 1011001111100, 0 parimente ancora 101 globo 101110100οο
solu 10100010, 00110010 10 gran 1101000001οὸ 100 0000 0 10
10000, 00001000 000000 0011000001 11 0010000 10 000110 0001
1000010000000 questo 00001010 1111111 intorno 01 0001001000 000-
100 0,1100010 01 000000000ῑὶ 11 10000100 00100000 0100 110110 0
000000100010100101018010 0 001 apparente 1011011οο 0000110.
10000101 l’ 000110 nostro, 000 meno 0100 'l 000100 10110 Terra,
11010010 00000 001 01000 1011001111100, 001 qual 1000100010 11
000100 101 Sole, 0001, 0001 0000000001εο00001100000 001000
00000 000010 101 10110 01000, 10 0001000 0111000110 000100 00-
000101 m 11000 00110, quale 010 10 11011, 0 00010 00000 11 0000
0 000000ωο00 000, aar& 0 asse 0 essa 000000 e 00 moto ’
00000 101 globo terrestre. 1010011000 000 11 00000 001000 (00000
0001001001οο) 0100100001 1001 010000,οω 0111010000 0110000100
(01001 1000110 01 01000 101100Ιί11100), 000 1010000 01 uno
alquanto inclinato, 0001 010 000010 1101, 11 quale 0000 11000 0
00001010οω000 00000100000010 00110 0001001000 1001100-
01000 0 1100010000 verso i 0001001001 000111011100000000100
101111010000110000101 0011000001001001 101 00100 globo, 010-
” 00100100 0001010110000 0000011010 (1001100010011) 10000100 10
0100001000000100 00001010, 0 0000010οο ο minore secondo ’·
011 0’01 0110000 011 0 men remoto 10 0001 0011, 00000 11 000101
0000100010 1101001010 quelli, 00001000 11 1100001οο 1011, ohe
0001 00000011001000 0110000 11100001 1100010010100001010

 

