W nvvnmssmo omma

Τ333333, cho 11313313 333 boll’esompio si 333133 333-
A 1333313 33113 13113 Bologna (1); o dopo la sua mor-
13, 33311311 1311311313 133333 Ρ33333131, 3333131313
11 sorella, ne venisse da osso lui 3331131313 quello
33313, obolo censure dei tempi (13113 soloa’giomi no·
3131 13113 8333313333383313331311131133) 333 inter*
dioevooo, 3 Tommaso Buonoventuri, 11 quale 33313113
33313 333133331’31131333·1133331133 131 1118, ohe
313331 quindi 333113 pio 33ρί333 31 33333313 13113

333333 (3).

(11 Opere 11 11311133 11311131 eo, 13 333313 33333 3113133313313313
33333113, 313· 3331 11311311 1311 1313313 Aaou 313 pist 31333311 33333·
331313. In 11313333 per 311 11. 11. (33311) 131 113333, 1611113 11111, Yo-
13311 113 113. - 033313 31131333 333 3313333313 poro 11 11131333 131
11333131 81313131, 3113 3313133 1311333 3 (13131133 11133333 gio 331·
11113313 3113333311 sino 131 1131.

(1) 0333311 11311133 0311131 33. 113333 31131333 331133311313 11
3331 13311311 1311 1313333 Ancora 333 pio 131131131133333. Firmo 1118
333 613. 11331333 11311313 83311 11331311. Vol. 313113. - l 133 primi
volumi 3333 13 313331331333 11 333111111113333311133333133133333
13113 333111333 1331113 333333133ῑί dagli 33311 11131331, 333 qui puro
313333 11 1113133311113331331 81313331 3 13 1311333 3 (13131133.

Pouet-{omento 133333 33313113 133 31133 31131331 13113 0333311
1311133 como oppresso:

0333311 6311133 1131113133333331313 11 133113 3333 13331113. 13 Ρ3-
1333, 1711, 33113 8133133313 131 8333133313 appr-osto 01313331 1133131
131 1 13 113. - 033313 edizione contione, 31133 33313113 31133 pineolo
33313313311311313331133331133, 11 11131333 131 11333131 81313331.

opere 11 6311133 6311131 331113 1333311133. naono, 13113 8331111
1133333133110133313111311311 1111. Vol. 11 131133. -1 primi 131131
volumi 3333 3333 313331331333 131 quanto 11 1131313 11 11· 33311333
13 1311333 3 (13131133, 13113331133331331 331 Tam, 3 3331313 31133
minoto compositione 333 13333113 uene 133 31131331 3333313311.

Opere 11 (1311133 11311131. 1111333 3311133311 11311313· 1831, Vol. 2
13 ovo 333313 3 ooo 3313333. ·· 83331 voloni 133 31 13111 1111131331
[133131333113311311333331313113313 dal 31113113 3111333 033313 31131333
31 33333133ςί3 33113 3333313311 33113ςί3313 13113 maggior 33313
1131133333 3311113313 111 Coo. 1113. 11111311 11331331 13113 ooo m
3131133333.. 3333313333113 3311131111333331111 3313333 3331331113 13 ·
3333313311. 3 3313 1333 11 3333 13333 33111 3133331333 1133333133.

 

