01010110 11011 111

,011100100 1001111010 10111 111111, 0 0010 01 1 11001111000
0011 01101101 0 0010111 1 0000011110 0110 11 nuovo 010110 nuova
01111 0101000, 1100101010 (1011 noviti si 101101οο0 00111110 101
10110001 000 1111111011, 11111 1101111010 000 01100100οὴ0
001 1110110 1000111001ος 0111010011011101101000111011010111,
01110110 10001 10110.1100(100111000010000011111100110 000010-
1010, 1 1110111 10001110011 01101 01011 10111 1110111111 10011
0110111. La 111010111001 111 100111111 000 1100000110 0011110-
1111111 11110, 0110 111101001 11 10011111 101 10110 11 01111011
1011111, 0111 0010 0 0111 0011101ῑο 0110 (100110 10111011110111, 0110
1000 0111 010000, 0100 00100011 11101 1110110 00 00000 ,0110 10
1000110101110010111 0110 1111000111000110, 1000110 01000
1101110011 00110110, 10111110 0 10111110,1101000111111001011
001010000οο, 0110 10111 011010111 000111011011 11 1100111110
000 1111110111 101111111,110110 1 1111000ῑί (001 0011 11101 0110
0011001101100 10111, 1000110111 011 11 (100111 0110001100110
01111111 000 10110, 001 01101 11 10111011 10111 01110111. 011
001001 011011100011,0110110110 000 10111 1 00011 0 1111010011
10111100011010101 10110 1101100. 00111 1100011010 10111011110111
111001111 000 0111 001111. Che poi 11 00011011 101 10110 (0 mni-
11100 101 100001110110,(1011111001110 finissimo) 111 11 01111
011010010010 0111 10010, 101111110010 0110 11 011101111011101-
1101111, 111010 111 0010111 111011011 suo 110110 11001 00111-
0110111 01110111, (1011 1 11 110110 101 111010, 1111 (10010 mai 000 ,
11000101101111010110 00000 (100110 110 00110 cli calamita.
1110001111 00110111 011110111, 0101101 1100001111, 000 11111
(1001111 11 010110, 011011 0001111011110 11 100100 111 00101011
110010 1110011011000110011111001100011111, 0 001 111 010100-
11101100 100 00010010 11 00 110, 11 (10110 10011111100110110
001 11 001 001010, 011, 11111110 11110 01111 0110001010, 011 0110
110001.(100110,0111111001111011111111 0001100111 01101 000110
110000 11 111101111 0101000000 100 00111 0110101111010 010110
visibili, 0111 000111110 0101010, 11110 10 0101 00011, 00111 101
010010101111000101000, 0010100111100110110 00110111 11011011.
(1001000111 (101010 10 1100 (0101, 0110 11 0101111011οο 1110001-
1000110110 si 11110 111 10110 0 10110,1 01011 101 11010 11110

000010001110010) 11 0010100110011, 11 (10111, 0110 10 001 010-
(11111101111111-101. Ι. ¹ 111·

 

