11111111 11111, 363

111111 111 11111,·1111111ο11111111-111111111111111111 111111111111
111111111 11111111111, oon 111111 111-1111 111 111 1111111, 111 111
1111111, 111 111 eterno sareio 1111111111 dolia 111111. 1111111111
Qoeiiooho io 1111111 operi 111111 11 111111111111111 1111111111
11 11111, non 1111 111111111111 111111 111111 11111111, mo 111 11-
tro 1111111 11111111, 1 clio non 111111111 11111 1111111111111111-
tione, 1111 di moto o 11 quiete.

81111. 11111 111 11111ς 1111111111’1ο11111111111 11111 111
1111111 di 11111111 ooo 1111111 moto 11111111,1.111111.81111111
1111111111111111111111111, oon essendo 1’ 1111111111 111 11111 1111
11 111 1111111,111111111 11111 passaggio 1111 1111111111,111111111
1111111111 di 11111111 111 resto 111111111111111111111111,11111111111
1111111111111, 111111 1111111111111 tempo 11111 1111111 1111111111
11111 di quello 1111111111111111111
· Solo. E 1111 11111111 1111 1111111111 1111111111 1 111 111111
iiminogoooo di 1111 11 11111 1111111111. Non 1, 1111111 81111111-
111,111111111111 1111 11111 (1111111 1111 misum 11 1111111 111111-
11111111111111811111, 1111111 cosi 11 11111111 11111111111111,
anadocho 11111111111111111111111111111111 1111111111 1111
1111111111111111 1111111111 11 111111111111 11111111111111 111
111111 1111111111,1111 111111111111 111 11111 vi 11111111111111.; ⁵

81111.1111111111111111111 1111111111 111 (11111 11111111Ιὶ111
11111 1111111111 11111 1111111, qualo 11 111111 11111111 di 111111
11 1111111111

··5111.111111 1111 11 11111111111 do 1111111111111111111 11-
111111, 11 11 111111 111 1111111111 11111 1 11111111 11 1111111111

parte-oolla 1111111111 11111111.
Ι81111. 1111111 11111111 11 1111111111 11111111.

· Soio. E luparie 11111111 111111 11 111111111111111 11111,
111111ω11111111111111111 1111111111 di 111111 111111111111111.
’ · 811111.;011111111111111 11111111111111111 11 11111111,1 11111111.-
1111111111111111111111 1111111111,1,1111111111111111111111111
1111111111 11111 1111 1111111111111111, 111111111111111111111,
111111111111111111111111 1111111111111111111 1111 11111, miooo
11111 111 (11111 11 1111111111 ia quoi poi 111 111111111111111111111
11111 ,1111111111 1 persa di vista 11 colui, ohe 111 1111111111 111
1111111 1111111111.

 

