01000111 001011 159

00, 00100010011010 001 10 01101101111111110110100001000010111
1011110011101110110, 01 011001010οη0 10110 00001011. E 01101ος
1110101, 0001 1010 essere 11 00100 110001100000, 0110 00110010
001 10 0110110 0100010οο 10 1010 0100 011’ 00110010 0010000 101
1101110110000, 10 11010010 11 100 0 11010110 0110110, 0 0110 11 010-
1001010 000110 1100001 10 01110110010 tempo 001 000 11101001 0110
1010000 1 001111 00010100100101 che quelli 0110 1000010 00110
0110110ἰο 00 0100101110 00011000 11 0011000000 00010 11 neque,
0110 00110010 perun 000010 10100 000 0111 11 8 0110110, 0111110 0
1010 11 11000110 0 tantaeque, 011010 6 010 0110011 uno 000110
11 000110010 11 1010110 001101011οι10 0101011010 0011000101101
0110111010, 0001 1010000 00100 0 1011 001 000 10010 101001111
000 10100111, 1100, 10 101 11111 0 0111 0110110 001010. 8000 (01
01 01000) 10 00110011 per 10 1000110110 101 110110, 010 000110010,
01011100011110100110 00001000, 00111100 000 00010 0000110
101 101 1111001010. 10 01110, 00 0000100010 11000 per 10 0110110,

10010 001 101110 1111100111, 0101, 00010 01 0001000 01 01101 qut ’

10010 10 00111 0001 remote, 00010 011010 01101 001 0110110 00100-
01010 0110110 00110 0011101110100100001 10 0001100 000 01010
0110 01 00110011000 01 0011101101ιο 11000000 00000111101011001
1101000 0 queste 1111100111, 01 10 00000000010 sostenen contro 11
0000 10 0101111111 10110 10110, 000100001001100110011010110100·
101011.

Sene. 111 questo 10010 10110010 1001001100 00000010 010 000
0111111 0110010010 11 0001110 10 0001 01010 000010 0010110110
0000000 0000110 0001010100οο 101 1001 011000000011 0110 10110.

Ι1010. Come 000011 010111 01111000 0100110 10 000000110οι0

101 monimenti 0110 0010101010οω 0001000000 0110 10111, 1 00-
00000110 ohe 000 0010010010 000 1101100 1000001010 0 1010000,
00010000000010011100010; 0 000 0010 0110 0000000 000 1001-
1111, 010 000 0000000111, 01 0110 1000011111 010 11 0110001010 10
01110 01001010;0111 tale 1 10 0100110110 0001111000101100000
0010101101010. Stabititn dunque 11000001111111110100101 100-
1011001000 101 monimenti 0110 01 00010000 0011 aeque, 0 10010100
01001000101100001111111 1011000 0110 10 00011000, 0000100100
101010 00 10 0101111111 101 contenente 00000 0110 01010110 101·
10110 000111100010 00110 10001010 0110 01 0000110 00011110.

 

