01000101 0000001 111

01100010, 0000011001010 0 000101001010 000 10 1111011010 101000-
0101000.

Salv. Pn‘ma 0110 00000100 011 01100, devo 1100 01010000 Sa·
01010 0110 100010111000101 1100000110101100000101010,010
101110, qual 100 0000010100 010 quello 0110 10100001000100111110110
ln 010 0001010 10 0101001, 010 000 011Ι 10 0001000 10 000 100000,
11011 voglio 0110 001 10 01011011010 101 0110 0001000, 1000100 110010
001 fervor 10110 0000001001001000 della 100010, ma 1000 0110
00001 1000110 labile, 0111 10010 011 100000010 1100010 10 quello
0111 011001010 10 110000 00010001110100 000011. 1001001 1010-
1000 01 1001 1000001 0001100 0000010010 simile a quella 101
00010111 011 10110 0010, 0110 00001010 dalla 10001000001001001
100110110ωο 001 aria, quali 0000 10 000010 0 01100001110010011ς
00000 0110 1110101Ιο 000 01 001110 0110 01000 0001010 101110Το000,
mn 01001110 0101 01000011, 000 000 0000111110 ch’ 0110 000010 10-
00100 10 00100111 11 quella 0011 1000011110 010110 0 0010110 10110
00100101ωο01ωο 01 010νο0000 00010 00011001ος a 10 001, 0001011
1011010000, 0111110010 11000100 parallelo 10 0001000110* 000, 0110
0110δο11000 001101101Ιο 01010110, 00010 00100000 0110000111100100
1101100 un 10010 000001 dove 0111000000 senza 000000000011111
dimam 011 00110010 00100 10010 verso levante, quanto verso
0001100111 0 00010 1000101000Ιί0 00010. 01100 0 011 00 mentm 000-
110110 0 cavallo 0011110010 00001 gagliardamente 1011001 11 00110
10110010, qual 00010 1000010100 001 00000ῑο0000010 000110 101-
l’ 00101110, palati 000 01 000110 00000 10000100 all' 00101 0 000
nulla 11 1010 0110110 11 00010. 11001 un’ altra 100110 1000000110
000100000010 1000110 0000010010, 011 10100 ll 01010 01000101011
1000111 11 0110011000, 1100100001 0 00000100 101 auo 000100 10 00011
101 00100010 01010000, 0001001000 volta ο ’101010 000 010 00001
lardo„ 0 0010 00011000 aian 010110 00110100οῑ0 011000010 1001001ος
0110 000011οα0110, 0. gr„ 001 10000100001001001010100010010010
0110 11 quelle grau 10010, 100100 10 quali 001000100οὼ 0000 100
nomini 10000000 grandissimi 0001, 00010 10 massa 10110 gran

0101001οΙ mangano, 0 barche curiale, 0110 ’(1001 acqua 10 uu‘al· ·

110 01 100011011οω 00010100οὼ10 000 terra, quando le parti 11
ma 10010000110010010 girata 000 1000010 011 che 0011000010
0101011011 11011000011100010110, nl. 000 100110010100000010010

 

